              precision    recall  f1-score   support

           0       0.83      0.86      0.84       158
           1       0.65      0.62      0.64       144
           2       0.73      0.88      0.80       139
           3       0.82      0.72      0.77       146
           4       0.76      0.73      0.74       145
           5       0.73      0.70      0.71       142
           6       0.73      0.80      0.77       145
           7       0.77      0.80      0.78       137
           8       0.65      0.54      0.59       145
           9       0.61      0.64      0.62       137

    accuracy                           0.73      1438
   macro avg       0.73      0.73      0.73      1438
weighted avg       0.73      0.73      0.73      1438
