              precision    recall  f1-score   support

           0       0.99      0.99      0.99       158
           1       0.76      0.99      0.86       144
           2       0.97      0.93      0.95       139
           3       0.95      0.88      0.91       146
           4       0.99      0.95      0.97       145
           5       0.97      0.95      0.96       142
           6       0.97      1.00      0.98       145
           7       0.88      0.99      0.93       137
           8       0.89      0.70      0.78       145
           9       0.91      0.82      0.86       137

    accuracy                           0.92      1438
   macro avg       0.93      0.92      0.92      1438
weighted avg       0.93      0.92      0.92      1438
