              precision    recall  f1-score   support

           0       0.99      0.93      0.96       158
           1       0.84      0.97      0.90       144
           2       0.96      0.98      0.97       139
           3       0.97      0.90      0.94       146
           4       0.99      0.88      0.93       145
           5       0.89      0.94      0.92       142
           6       0.95      0.99      0.97       145
           7       0.98      0.93      0.96       137
           8       0.95      0.70      0.81       145
           9       0.74      0.97      0.84       137

    accuracy                           0.92      1438
   macro avg       0.93      0.92      0.92      1438
weighted avg       0.93      0.92      0.92      1438
